xdump sect * >> outputSect.txt
XDUMP sect 1631844806
48 -1 -3 17 100 127 0 0 0 0 0 1 1 650 100 1 17 0 0 89 67 0 48 1000 0 0 0 0 0 0 0 500 0 0 0 0 0 0 0 0 0 0 0 0 0 500 0 0 0 0 0 0 0 0 0 0 0 0 0 0 0 0 0 0 0 0 0 0 0 0
48 1 -3 18 100 127 0 0 0 0 0 2 0 650 100 1 18 0 0 100 100 0 48 1000 0 0 0 0 1 0 0 300 0 0 6 0 0 0 0 0 0 0 0 0 0 300 0 0 0 0 0 0 0 0 0 0 0 0 0 0 0 0 0 0 0 0 0 0 0 0
48 0 -2 17 100 127 0 0 0 0 0 2 0 650 100 1 17 76 45 0 0 42 48 1000 0 0 0 0 1 0 0 200 0 147 0 0 0 0 0 0 0 0 0 0 0 200 0 0 0 0 0 0 0 0 0 0 0 0 0 0 0 0 0 0 0 0 0 0 0 0
48 2 -2 10 100 127 0 0 0 0 0 1 1 650 100 1 10 32 9 30 0 0 48 1000 0 0 0 0 9999 0 0 200 0 0 0 0 0 0 0 0 0 0 0 0 0 200 0 0 0 0 0 0 0 0 0 0 0 0 0 0 0 0 0 0 0 0 0 0 0 0
48 -1 -1 10 100 127 0 0 0 0 0 2 0 650 100 1 10 96 61 0 0 80 48 1000 0 0 0 0 9999 0 0 200 0 0 0 0 0 0 0 0 0 0 0 0 0 200 0 0 0 0 0 0 0 0 0 0 0 0 0 0 0 0 0 0 0 0 0 0 0 0
48 1 -1 10 100 127 0 0 0 0 0 2 0 650 100 0 10 54 27 0 0 2 48 1000 0 0 0 0 9999 0 0 400 0 0 0 0 0 0 0 0 0 0 0 0 0 400 0 0 0 0 0 0 0 0 0 0 0 0 0 0 0 0 0 0 0 0 0 0 0 0
48 3 -1 12 100 127 0 0 0 0 0 2 0 650 100 1 12 100 80 0 0 100 48 1000 0 0 0 0 0 0 0 400 0 4 4 0 0 0 0 0 0 0 0 0 0 400 0 0 0 0 0 0 0 0 0 0 0 0 0 0 0 0 0 0 0 0 0 0 0 0
48 0 0 5 100 127 0 0 0 0 0 1 1 1263 100 1 5 100 100 100 100 100 48 1000 55 0 0 0 0 0 0 200 0 0 0 1000 0 0 0 0 0 0 0 0 0 200 0 0 0 0 0 0 0 0 0 0 0 0 0 0 0 0 0 0 0 0 48 0 0 0
48 2 0 15 100 127 0 0 0 0 0 1 -1 1218 100 1 15 100 100 100 100 100 48 1000 55 0 0 0 0 0 0 9849 0 0 0 1000 0 0 0 0 0 0 0 0 0 0 0 0 0 0 0 0 0 0 0 0 0 0 0 0 0 0 0 0 0 0 48 0 0 0
48 1 1 15 100 127 0 0 0 0 0 1 1 595 100 1 15 10 0 60 21 0 48 1000 0 0 0 0 0 0 0 9877 0 0 0 0 0 0 0 0 0 0 0 0 0 0 0 0 0 0 0 0 0 0 0 0 0 0 0 0 0 0 0 0 0 0 0 0 0 0
/10
